Room1
primary
1
0000000022222222222222200000000
0000000211111111111111120000000
0000002111111111111111112000000
0000002111111111111111112000000
0000002111111119111111112000000
0000002111111111111111112000000
0000002111111111111111112000000
0000002221111111111111222000000
0000000002111111111112000000000
0000000000211111111120000000000
0000000000022221222200000000000
0000000000022221222200000000000
0000000000022221222200000000000
0000000000022211122200000000000
0000000000022111112200000000000
0000000000022111112200000000000
0000000000021111111200000000000
0000000000021111111200000000000
0000000000021113111200000000000
0000000000021111111200000000000
0000000000021111111200000000000
0000000000022222222200000000000
end




