Room1
primary
1
2222222222222222222222222222222
2111111111111111111111111111112
2111111111111111111111111111112
211A1B1C1D1E1F1G1H1I1J1K1L1M112
2111111111111111111111111111112
2111111111111111111111111111112
2111111111111111111111111111112
2111111111111111111111111111112
2111111111111111111111111111112
2111111111111111111111111111112
2111111111111111111111111111112
2111111111111111111111111111112
2111111111111111111111111111112
2111111111111111111111111111112
2111111111111111311111111111112
2111111111111111111111111111112
2111111111111111111111111111112
2222222222222222222222222222222
end




