Room1
primary
1
22222222222220000000
21111111111112000000
21111111111111200000
21119111111111120000
21111111111111120000
21111111111111120000
22222222221111120000
22222222221111120000
00000000002111200000
00000000002111200000
00000000002111200000
00000000002111200000
00000000021111120000
00000000211191112000
00000000211111112000
00000000021111120000
22222222222111200000
21111111111111200000
21111111111111200000
22111221111111200000
22111222222222200000
22111112200000000000
22111112200000000000
21111111200000000000
21111111200000000000
21113111200000000000
21111111200000000000
21111111200000000000
22222222200000000000
end




